1110 
1115 
1120 
1126 
1132 
1140 
1147 
1154 
1160 
1170 
1180 
1190 
1200 
1208 
1216 
1224 
1232 
1240 
1250 
1255 
1260 
1266 
1272 
1278 
1284 
1290 
1296 
1302 
1308 
1314 
1320 
1330 
1338 
1344 
1350 
1356 
1362 
1368 
1374 
1380 
1387 
1395 
1400 
1408 
1414 
1420 
1426 
1432 
1438 
1444 
1450 
1456 
1462 
1468 
1474 
1480 
1490 
1496 
1504 
1510 
1519 
1526 
1533 
1540 
1546 
1552 
1558 
1564 
1570 
1576 
1582 
1588 
1594 
1600 
1610 
1616 
1622 
1628 
1634 
1640 
1646 
1652 
1658 
1664 
1670 
1676 
1682 
1687 
1692 
1698 
1704 
1710 
1716 
1722 
1728 
1734 